tweet_id,favorites,retweets
892420643555336193,36600,7789
892177421306343426,31537,5771
891815181378084864,23757,3820
891689557279858688,39927,7960
891327558926688256,38124,8597
891087950875897856,19179,2870
890971913173991426,11174,1884
890729181411237888,61705,17403
890609185150312448,26427,3957
890240255349198849,30213,6776
890006608113172480,29073,6765
889880896479866881,26412,4606
889665388333682689,45526,9237
889638837579907072,25647,4146
889531135344209921,14329,2081
889278841981685760,23865,4929
888917238123831296,27581,4156
888804989199671297,24236,3927
888554962724278272,18725,3220
888078434458587136,20626,3196
887705289381826560,28622,4961
887517139158093824,43890,10840
887473957103951883,65243,16621
887343217045368832,31897,9647
887101392804085760,29008,5499
886983233522544640,33171,7093
886736880519319552,11368,2973
886680336477933568,21277,4119
886366144734445568,20033,2921
886267009285017600,113,4
886258384151887873,26513,5824
886054160059072513,0,100
885984800019947520,30863,6203
885528943205470208,34061,5890
885518971528720385,19401,3447
885311592912609280,0,17119
885167619883638784,20746,4037
884925521741709313,73198,16707
884876753390489601,26403,5159
884562892145688576,23007,4339
884441805382717440,25628,5246
884247878851493888,68975,18793
884162670584377345,19330,2760
883838122936631299,20714,3181
883482846933004288,43461,9122
883360690899218434,21502,3422
883117836046086144,35164,6125
882992080364220416,22636,3595
882762694511734784,26805,4518
882627270321602560,26509,5606
882268110199369728,42525,10701
882045870035918850,27785,4519
881906580714921986,23048,3131
881666595344535552,47979,9865
881633300179243008,120,7
881536004380872706,46866,14745
881268444196462592,21985,4845
880935762899988482,16165,2575
880872448815771648,20185,3536
880465832366813184,27031,5757
880221127280381952,25585,3855
880095782870896641,26188,4011
879862464715927552,21190,3234
879674319642796034,297,10
879492040517615616,22249,2945
879415818425184262,100328,41068
879376492567855104,15935,2897
879130579576475649,0,6286
879050749262655488,21389,4322
879008229531029506,18009,2480
878776093423087618,18379,3779
878604707211726852,28597,6590
878404777348136964,0,1192
878316110768087041,0,6170
878281511006478336,7330,1192
878057613040115712,39920,6286
877736472329191424,75400,17548
877611172832227328,0,74
877556246731214848,21554,3532
877316821321428993,26011,4804
877201837425926144,25723,5177
876838120628539392,19630,3090
876537666061221889,22425,4335
876484053909872640,17838,2203
876120275196170240,26574,4326
875747767867523072,23913,3965
875144289856114688,20817,4558
875097192612077568,26100,5644
875021211251597312,24224,4392
874680097055178752,26454,4300
874434818259525634,0,13506
874296783580663808,24766,3815
874057562936811520,21605,3691
874012996292530176,32711,9570
873580283840344065,23047,3651
873337748698140672,0,1484
873213775632977920,6820,1484
872967104147763200,26006,5055
872820683541237760,14037,3461
872620804844003328,19764,3403
872486979161796608,38843,8422
872122724285648897,32767,7553
871879754684805121,35958,10297
871762521631449091,19327,3250
871515927908634625,19261,3244
871166179821445120,0,5347
871102520638267392,20000,5161
871032628920680449,21728,3580
870804317367881728,32173,5804
870726314365509632,117,3
870656317836468226,11842,2474
870374049280663552,79274,24803
870308999962521604,20939,3888
870063196459192321,35012,7804
869772420881756160,40714,9487
869702957897576449,27049,5928
869596645499047938,15310,2939
869227993411051520,19573,3562
868880397819494401,62769,13587
868639477480148993,0,1956
868622495443632128,25604,4989
868552278524837888,9684,1956
867900495410671616,23256,3947
867774946302451713,32627,6945
867421006826221569,15466,2350
867072653475098625,0,115
867051520902168576,30966,7441
866720684873056260,19295,4534
866686824827068416,18551,3289
866450705531457537,117666,33352
866334964761202691,50476,13506
866094527597207552,0,7941
865718153858494464,24720,5331
865359393868664832,25515,4745
865006731092295680,27012,7300
864873206498414592,31134,8258
864279568663928832,14076,2868
864197398364647424,28982,8428
863907417377173506,19888,3933
863553081350529029,14759,3987
863471782782697472,0,2312
863432100342583297,23003,4993
863427515083354112,2148,91
863079547188785154,8483,1056
863062471531167744,8186,2312
862831371563274240,18550,4903
862722525377298433,16524,3376
862457590147678208,19795,4711
862096992088072192,71966,22140
861383897657036800,34970,10246
861288531465048066,16642,3958
861005113778896900,16188,3655
860981674716409858,0,2057
860924035999428608,0,771
860563773140209665,7280,2057
860524505164394496,22935,5084
860276583193509888,17818,3350
860184849394610176,16182,5614
860177593139703809,0,29692
859924526012018688,19013,3937
859851578198683649,14992,3373
859607811541651456,18092,1502
859196978902773760,87461,28993
859074603037188101,32932,13118
858860390427611136,0,7836
858843525470990336,15166,3362
858471635011153920,20959,4684
858107933456039936,15359,2809
857989990357356544,15690,2503
857746408056729600,33406,10257
857393404942143489,5754,1584
857263160327368704,19566,4370
857214891891077121,219,17
857062103051644929,0,164
857029823797047296,18455,3871
856543823941562368,15970,2799
856526610513747968,11598,1817
856330835276025856,0,648
856288084350160898,506,15
856282028240666624,27187,6114
855862651834028034,334,25
855860136149123072,4844,962
855857698524602368,11631,2050
855851453814013952,44774,17489
855818117272018944,26149,5282
855459453768019968,29307,8012
855245323840757760,0,5820
855138241867124737,0,43
854732716440526848,22425,5932
854482394044301312,28822,6723
854365224396361728,18605,4592
854120357044912130,31524,7323
854010172552949760,15991,3087
853760880890318849,28206,5630
853639147608842240,34296,9881
853299958564483072,15304,3489
852936405516943360,0,1970
852912242202992640,8940,1787
852672615818899456,14757,2117
852553447878664193,16143,3430
852311364735569921,32805,9792
852226086759018497,19789,6740
852189679701164033,11344,1568
851861385021730816,0,19
851591660324737024,16123,3439
851464819735769094,24065,6964
851224888060895234,20549,5662
850753642995093505,30669,9047
850380195714523136,13014,2591
850333567704068097,3438,328
850145622816686080,16250,3770
850019790995546112,20330,4840
849776966551130114,30320,7556
849668094696017920,0,4920
849412302885593088,15808,3138
849336543269576704,11369,1892
849051919805034497,42215,8423
848690551926992896,25129,4292
848324959059550208,24658,4583
848213670039564288,8159,729
848212111729840128,16280,3025
847978865427394560,0,3244
847971574464610304,0,429
847962785489326080,23463,5059
847842811428974592,5424,1327
847617282490613760,6978,417
847606175596138505,18742,3413
847251039262605312,20492,4296
847157206088847362,19869,5839
847116187444137987,21449,3172
846874817362120707,20114,3918
846514051647705089,44668,11549
846505985330044928,14111,3056
846153765933735936,31675,9038
846139713627017216,31096,9993
846042936437604353,16009,2859
845812042753855489,29319,8700
845677943972139009,25246,4797
845397057150107648,7653,1807
845306882940190720,23407,5392
845098359547420673,0,7659
844979544864018432,13685,2565
844973813909606400,15141,3198
844580511645339650,16528,3134
844223788422217728,13698,2206
843981021012017153,15233,2951
843856843873095681,21554,4636
843604394117681152,16970,2751
843235543001513987,21607,6042
842846295480000512,15346,3648
842765311967449089,6785,1288
842535590457499648,18194,3524
842163532590374912,24614,5820
842115215311396866,14063,3043
841833993020538882,0,15223
841680585030541313,25876,7834
841439858740625411,12735,3705
841320156043304961,19920,5524
841314665196081154,15933,4689
841077006473256960,23028,5347
840761248237133825,0,1780
840728873075638272,0,16261
840698636975636481,177,2
840696689258311684,12381,976
840632337062862849,9073,1780
840370681858686976,16589,4577
840268004936019968,19435,5775
839990271299457024,13538,2296
839549326359670784,27741,7836
839290600511926273,0,145
839239871831150596,27427,6584
838952994649550848,19839,4035
838921590096166913,11271,2082
838916489579200512,0,35
838831947270979586,0,11117
838561493054533637,11037,1348
838476387338051585,22777,4824
838201503651401729,0,10180
838150277551247360,1694,334
838085839343206401,143,1
838083903487373313,17821,3174
837820167694528512,34511,7941
837482249356513284,3882,445
837471256429613056,12945,2300
837110210464448512,16237,2392
836989968035819520,12907,2309
836753516572119041,19551,4694
836677758902222849,12746,2246
836648853927522308,0,561
836397794269200385,0,27873
836380477523124226,14916,3015
836260088725786625,21583,4346
836001077879255040,19334,4311
835685285446955009,0,8224
835574547218894849,18024,3660
835536468978302976,0,1725
835309094223372289,0,21273
835297930240217089,16670,3057
835264098648616962,7833,1725
835246439529840640,2133,73
835172783151792128,26509,5843
835152434251116546,22728,3059
834931633769889797,10961,1671
834786237630337024,21621,5567
834574053763584002,13848,2572
834477809192075265,0,10816
834458053273591808,9749,1706
834209720923721728,20902,4830
834167344700198914,16036,3709
834089966724603904,10174,2168
834086379323871233,13243,2236
833863086058651648,13587,2443
833826103416520705,18278,3821
833732339549220864,0,222
833722901757046785,21083,3279
833479644947025920,15066,2086
833124694597443584,20468,4920
832998151111966721,13472,2239
832769181346996225,0,39
832757312314028032,17091,3683
832682457690300417,12049,2964
832645525019123713,2974,537
832636094638288896,16092,2835
832397543355072512,12132,2249
832369877331693569,17438,3244
832273440279240704,11523,2373
832215909146226688,0,6310
832215726631055365,0,9516
832088576586297345,64,2
832040443403784192,0,9797
832032802820481025,18152,4746
831939777352105988,24367,6250
831926988323639298,344,34
831911600680497154,28072,6616
831670449226514432,10614,1854
831650051525054464,7273,1970
831552930092285952,9134,2346
831322785565769729,9405,1581
831315979191906304,6656,1143
831309418084069378,11936,2499
831262627380748289,12097,2083
830956169170665475,8112,1521
830583320585068544,68038,17119
830173239259324417,0,5816
830097400375152640,10003,3008
829878982036299777,0,5126
829861396166877184,12438,1986
829501995190984704,32306,10816
829449946868879360,10641,2068
829141528400556032,24874,7506
829011960981237760,54022,16603
828801551087042563,0,3480
828770345708580865,26027,5989
828708714936930305,37215,11427
828650029636317184,9687,1381
828409743546925057,6453,1185
828408677031882754,7808,1315
828381636999917570,12819,2257
828376505180889089,7522,1091
828372645993398273,12787,2998
828361771580813312,2236,174
828046555563323392,11988,2930
828011680017821696,10538,2195
827933404142436356,20471,5353
827653905312006145,15763,3083
827600520311402496,7569,961
827324948884643840,16166,3121
827199976799354881,10771,2281
826958653328592898,21987,5126
826848821049180160,37100,10400
826615380357632002,0,4078
826598799820865537,5220,257
826598365270007810,10245,2397
826476773533745153,18791,4294
826240494070030336,13556,2657
826204788643753985,4977,945
826115272272650244,15968,3208
825876512159186944,10679,1923
825829644528148480,12976,2546
825535076884762624,57896,17900
825147591692263424,18680,4657
825120256414846976,0,1296
825026590719483904,6453,1296
824796380199809024,0,5625
824775126675836928,15241,3614
824663926340194305,10307,1783
824325613288833024,12060,10745
824297048279236611,15387,3964
824025158776213504,4923,609
823939628516474880,10856,2771
823719002937630720,0,11489
823699002998870016,14255,2581
823581115634085888,13317,2697
823333489516937216,715,25
823322678127919110,16087,4137
823269594223824897,0,10142
822975315408461824,17699,3539
822872901745569793,134811,44412
822859134160621569,13574,2353
822647212903690241,0,6571
822610361945911296,15139,3027
822489057087389700,18573,6571
822462944365645825,28771,14740
822244816520155136,35791,10142
822163064745328640,0,4918
821886076407029760,11605,2372
821813639212650496,0,3446
821765923262631936,8624,1693
821522889702862852,8221,1815
821421320206483457,0,5747
821407182352777218,12076,4477
821153421864615936,262,10
821149554670182400,8868,2057
821107785811234820,9819,2197
821044531881721856,12958,2343
820837357901512704,0,6937
820749716845686786,32310,10180
820690176645140481,12512,3320
820494788566847489,0,578
820446719150292993,0,2643
820314633777061888,3422,578
820078625395449857,20313,6470
820013781606658049,0,1217
819952236453363712,5454,1217
819924195358416896,13213,5003
819711362133872643,13752,3199
819588359383371776,9868,2045
819347104292290561,7410,1242
819238181065359361,2336,418
819227688460238848,23673,6937
819015337530290176,0,37904
819015331746349057,0,19481
819006400881917954,46419,19481
819004803107983360,89148,37904
818646164899774465,0,21606
818627210458333184,22953,7755
818614493328580609,10107,2649
818588835076603904,0,6334
818536468981415936,11209,2539
818307523543449600,0,8359
818259473185828864,11314,2353
818145370475810820,12620,2652
817908911860748288,4990,826
817827839487737858,53114,27873
817777686764523521,11022,2778
817536400337801217,12080,3071
817502432452313088,0,3494
817423860136083457,34852,15223
817415592588222464,5752,984
817181837579653120,0,8734
817171292965273600,8995,2087
817120970343411712,12539,2686
817056546584727552,8822,1697
816829038950027264,0,4851
816816676327063552,10285,2098
816697700272001025,10061,2264
816450570814898180,31365,8359
816336735214911488,8850,2012
816091915477250048,9175,2216
816062466425819140,0,1062
816014286006976512,0,5450
815990720817401858,5100,1062
815966073409433600,23030,8734
815745968457060357,0,4272
815736392542261248,10127,2342
815639385530101762,8454,1698
815390420867969024,10654,3924
814986499976527872,7865,1323
814638523311648768,11593,2786
814578408554463233,0,6019
814530161257443328,8898,1919
814153002265309185,29620,8965
813944609378369540,0,3283
813910438903693312,9567,1928
813812741911748608,37468,14430
813800681631023104,8563,1819
813217897535406080,19185,7534
813202720496779264,9495,1864
813187593374461952,20463,4507
813172488309972993,9561,1992
813157409116065792,8006,2286
813142292504645637,8727,2457
813130366689148928,4606,460
813127251579564032,12196,3235
813112105746448384,10622,2837
813096984823349248,10855,3740
813081950185472002,10167,2857
813066809284972545,8201,2016
813051746834595840,21579,7611
812781120811126785,7807,1974
812709060537683968,6825,1480
812503143955202048,6248,1264
812466873996607488,8213,1998
812372279581671427,14095,3791
811985624773361665,7486,1451
811744202451197953,7776,1650
811647686436880384,5776,768
811627233043480576,13164,3191
811386762094317568,21565,6598
810984652412424192,5508,1483
810896069567610880,9306,1832
810657578271330305,11317,2751
810284430598270976,36365,11718
810254108431155201,15147,3480
809920764300447744,15991,4078
809808892968534016,0,5072
809448704142938112,7160,1518
809220051211603969,20547,5816
809084759137812480,13645,3646
808838249661788160,10426,3158
808733504066486276,8164,2245
808501579447930884,11654,2697
808344865868283904,43954,21606
808134635716833280,0,6145
808106460588765185,9063,2286
808001312164028416,12951,3655
807621403335917568,15037,3773
807106840509214720,122104,57472
807059379405148160,0,7604
807010152071229440,13476,3994
806629075125202948,77168,35938
806620845233815552,0,5728
806576416489959424,5043,2013
806542213899489280,10549,2444
806242860592926720,0,12052
806219024703037440,6639,1230
805958939288408065,0,5550
805932879469572096,8545,1988
805826884734976000,6781,1895
805823200554876929,0,8325
805520635690676224,5933,1721
805487436403003392,9081,2617
805207613751304193,8063,1778
804738756058218496,14126,3966
804475857670639616,6334,2083
804413760345620481,0,3342
804026241225523202,46008,16749
803773340896923648,10384,2852
803692223237865472,0,7688
803638050916102144,11303,4287
803380650405482500,8018,1933
803321560782307329,0,5505
803276597545603072,10356,2546
802952499103731712,9321,2082
802624713319034886,0,3013
802600418706604034,7340,1527
802572683846291456,9235,2596
802323869084381190,16733,6044
802265048156610565,6987,1423
802239329049477120,9373,2713
802185808107208704,0,279
801958328846974976,7985,1769
801854953262350336,1838,247
801538201127157760,8481,2134
801285448605831168,6257,851
801167903437357056,25286,6145
801127390143516673,0,4095
801115127852503040,8351,2184
800859414831898624,710,98
800855607700029440,0,1670
800751577355128832,10898,2895
800513324630806528,13568,3099
800459316964663297,9812,2247
800443802682937345,0,4477
800388270626521089,11527,2905
800188575492947969,0,4089
800141422401830912,15811,2643
800018252395122689,29313,13650
799774291445383169,0,4853
799757965289017345,8687,2236
799422933579902976,8324,1996
799308762079035393,0,5668
799297110730567681,10220,2861
799063482566066176,8351,2555
798933969379225600,13527,4638
798925684722855936,7726,1487
798705661114773508,0,6887
798701998996647937,0,8079
798697898615730177,0,6724
798694562394996736,0,5151
798686750113755136,0,2414
798682547630837760,0,4887
798673117451325440,0,5743
798665375516884993,0,4045
798644042770751489,0,1918
798628517273620480,0,2047
798585098161549313,0,5922
798576900688019456,0,6043
798340744599797760,0,3473
798209839306514432,10753,2646
797971864723324932,12005,3223
797545162159308800,15024,5045
797236660651966464,20613,6844
797165961484890113,232,27
796904159865868288,0,9249
796865951799083009,7946,1984
796759840936919040,12233,3158
796563435802726400,0,7526
796484825502875648,7826,1826
796387464403357696,11379,4309
796177847564038144,0,14824
796149749086875649,33334,14824
796125600683540480,5127,1867
796116448414461957,9415,2495
796080075804475393,8742,2405
796031486298386433,11169,3848
795464331001561088,51309,24565
795400264262053889,10411,2991
795076730285391872,16750,5625
794983741416415232,0,3503
794926597468000259,10609,2396
794355576146903043,0,10692
794332329137291264,9885,2766
794205286408003585,9522,3439
793962221541933056,17373,5072
793845145112371200,9534,1938
793614319594401792,0,3252
793601777308463104,8250,1688
793500921481273345,11040,2467
793286476301799424,25408,9516
793271401113350145,8995,2481
793256262322548741,20633,8662
793241302385262592,10876,3406
793226087023144960,10168,2971
793210959003287553,9234,2894
793195938047070209,15802,5844
793180763617361921,7183,2080
793165685325201412,9745,2880
793150605191548928,6389,1761
793135492858580992,6665,2578
793120401413079041,13110,4056
792913359805018113,14807,4115
792883833364439040,11694,4429
792773781206999040,7604,1743
792394556390137856,13897,4450
792050063153438720,7412,1870
791821351946420224,0,21825
791784077045166082,0,9954
791780927877898241,0,3959
791774931465953280,46597,23008
791672322847637504,12137,3252
791406955684368384,13565,4272
791312159183634433,9086,2627
791026214425268224,0,4242
790987426131050500,10184,2209
790946055508652032,17184,4851
790723298204217344,0,2399
790698755171364864,8476,1992
790581949425475584,21310,7433
790337589677002753,8090,1942
790277117346975746,12954,3283
790227638568808452,0,3691
789986466051088384,9549,2399
789960241177853952,0,4272
789903600034189313,10705,4263
789628658055020548,7742,1837
789599242079838210,6984,1994
789530877013393408,12134,3503
789314372632018944,8919,2370
789280767834746880,0,5122
789268448748703744,9403,2688
789137962068021249,10031,2905
788908386943430656,28281,12876
788765914992902144,28239,10692
788552643979468800,0,7446
788412144018661376,16059,5450
788178268662984705,7467,2172
788150585577050112,6312,1340
788070120937619456,0,3549
788039637453406209,6328,1368
787810552592695296,8924,3165
787717603741622272,10569,2879
787397959788929025,11214,2932
787322443945877504,8046,1799
787111942498508800,0,6960
786963064373534720,27404,8224
786729988674449408,0,2497
786709082849828864,18781,6310
786664955043049472,10962,2643
786595970293370880,9714,3216
786363235746385920,11235,3628
786286427768250368,8214,2947
786233965241827333,15724,4918
786051337297522688,1478,159
786036967502913536,0,7266
785927819176054784,11724,3288
785872687017132033,6903,1891
785639753186217984,8084,2301
785533386513321988,9386,2060
785515384317313025,6296,1306
785264754247995392,7475,1690
785170936622350336,12398,4994
784826020293709826,10420,3342
784517518371221505,9247,2615
784431430411685888,5879,1318
784183165795655680,20700,8325
784057939640352768,30683,11489
783839966405230592,30903,11117
783821107061198850,7578,2032
783695101801398276,10764,3324
783466772167098368,8715,2320
783391753726550016,17367,5667
783347506784731136,0,5737
783334639985389568,29999,12052
783085703974514689,8391,2272
782969140009107456,24808,7604
782747134529531904,7689,1452
782722598790725632,17775,5550
782598640137187329,8012,1931
782305867769217024,17135,5747
782021823840026624,0,6413
781955203444699136,11434,3476
781661882474196992,10741,2804
781655249211752448,4113,1162
781524693396357120,21328,5728
781308096455073793,7353,2631
781251288990355457,8667,2141
781163403222056960,10072,2818
780931614150983680,22212,7526
780858289093574656,7386,2064
780800785462489090,5639,1340
780601303617732608,12443,3446
780543529827336192,6491,1788
780496263422808064,0,3818
780476555013349377,0,117
780459368902959104,5441,1109
780192070812196864,8948,2311
780092040432480260,0,2368
780074436359819264,12544,5116
779834332596887552,19455,7266
779377524342161408,9056,3194
779124354206535695,0,18880
779056095788752897,15181,4658
778990705243029504,20536,7443
778774459159379968,0,10199
778764940568104960,891,375
778748913645780993,7080,1350
778650543019483137,5922,1556
778624900596654080,4759,1040
778408200802557953,13995,4464
778396591732486144,0,12598
778383385161035776,6002,1133
778286810187399168,10684,3393
778039087836069888,8714,2719
778027034220126208,6720,1661
777953400541634568,0,3642
777885040357281792,6525,1672
777684233540206592,11521,3013
777641927919427584,0,4344
777621514455814149,8993,2566
777189768882946048,14651,4412
776819012571455488,0,14079
776813020089548800,5003,1246
776477788987613185,9063,2856
776249906839351296,0,9404
776218204058357768,30705,16323
776201521193218049,9865,2587
776113305656188928,12055,4477
776088319444877312,1889,156
775898661951791106,0,17000
775842724423557120,12008,2738
775733305207554048,14199,4095
775729183532220416,13274,4707
775364825476165632,7587,3060
775350846108426240,10416,4011
775085132600442880,15944,4853
774757898236878852,8800,1831
774639387460112384,6907,1775
774314403806253056,22313,5668
773985732834758656,10996,3980
773922284943896577,6545,1792
773704687002451968,6772,1669
773670353721753600,5469,1342
773547596996571136,22648,6334
773336787167145985,0,5218
773308824254029826,23843,7659
773247561583001600,9670,3323
773191612633579521,10239,4252
772877495989305348,8767,3976
772826264096874500,8250,2409
772615324260794368,0,3474
772581559778025472,6651,1731
772193107915964416,6188,1429
772152991789019136,3896,1158
772117678702071809,3867,760
772114945936949249,2784,478
772102971039580160,4095,958
771908950375665664,6733,1952
771770456517009408,12281,3473
771500966810099713,8452,2669
771380798096281600,10735,5218
771171053431250945,0,7684
771136648247640064,9367,2993
771102124360998913,6382,1473
771014301343748096,7048,1693
770787852854652928,5049,1234
770772759874076672,5299,1451
770655142660169732,7500,1801
770414278348247044,6463,2147
770293558247038976,6397,1517
770093767776997377,0,3135
770069151037685760,7756,2350
769940425801170949,32095,9797
769695466921623552,6547,1707
769335591808995329,0,7918
769212283578875904,5527,1763
768970937022709760,14718,6667
768909767477751808,0,2751
768855141948723200,4292,908
768609597686943744,4215,1233
768596291618299904,5156,1315
768554158521745409,0,5969
768473857036525572,13927,3514
768193404517830656,11121,3642
767884188863397888,4852,1417
767754930266464257,16361,5505
767500508068192258,7659,2390
767191397493538821,12548,3864
767122157629476866,10387,2922
766864461642756096,0,5772
766793450729734144,5182,1383
766714921925144576,2658,387
766693177336135680,4101,814
766423258543644672,6145,1630
766313316352462849,6937,1930
766078092750233600,0,2690
766069199026450432,4331,871
766008592277377025,3826,508
765719909049503744,7393,2204
765669560888528897,5303,1255
765395769549590528,27094,3459
765371061932261376,7230,2208
765222098633691136,11888,3474
764857477905154048,6589,1810
764259802650378240,6149,1540
763956972077010945,770,56
763837565564780549,12852,4242
763183847194451968,5485,1505
763167063695355904,0,3087
763103485927849985,7517,2336
762699858130116608,12401,3691
762471784394268675,11473,6597
762464539388485633,10514,4272
762316489655476224,4900,1143
762035686371364864,32564,15872
761976711479193600,5507,2055
761750502866649088,0,3999
761745352076779520,4353,878
761672994376806400,50472,29692
761599872357261312,4215,1209
761371037149827077,0,18448
761334018830917632,5288,1487
761292947749015552,4567,1106
761227390836215808,5417,1599
761004547850530816,11556,3549
760893934457552897,3889,996
760656994973933572,6734,1946
760641137271070720,5062,1319
760539183865880579,7732,3697
760521673607086080,4312,1420
760290219849637889,27333,11748
760252756032651264,4016,892
760190180481531904,5810,1842
760153949710192640,0,31
759943073749200896,6064,2125
759923798737051648,14945,5772
759846353224826880,6839,2017
759793422261743616,6088,1949
759557299618865152,4794,1209
759447681597108224,8654,2497
759446261539934208,1708,499
759197388317847553,6194,1993
759159934323924993,0,1182
759099523532779520,14788,4257
759047813560868866,6621,2068
758854675097526272,3619,915
758828659922702336,11410,3910
758740312047005698,5841,1644
758474966123810816,3879,1021
758467244762497024,4888,2257
758405701903519748,5301,1948
758355060040593408,3474,1103
758099635764359168,19450,10199
758041019896193024,2748,380
757741869644341248,6993,3308
757729163776290825,0,8135
757725642876129280,4631,1232
757611664640446465,4648,1123
757597904299253760,0,304
757596066325864448,4416,1074
757400162377592832,15409,6987
757393109802180609,5924,1775
757354760399941633,4603,1450
756998049151549440,6400,2022
756939218950160384,6762,2048
756651752796094464,5153,1332
756526248105566208,10590,3653
756303284449767430,4014,1115
756288534030475264,43522,17762
756275833623502848,6528,1562
755955933503782912,7462,2945
755206590534418437,16733,5446
755110668769038337,21612,11292
754874841593970688,0,8075
754856583969079297,7015,2572
754747087846248448,2636,533
754482103782404096,5397,1991
754449512966619136,3821,741
754120377874386944,7997,2395
753655901052166144,5938,2207
753420520834629632,8043,3636
753398408988139520,5855,1946
753375668877008896,7773,2368
753298634498793472,0,5811
753294487569522689,3433,1062
753039830821511168,37734,21273
753026973505581056,3984,985
752932432744185856,12855,6960
752917284578922496,7029,1610
752701944171524096,0,2931
752682090207055872,6099,1618
752660715232722944,4456,1587
752568224206688256,5603,2324
752519690950500352,7480,3489
752334515931054080,3878,1117
752309394570878976,0,16604
752173152931807232,6043,1866
751950017322246144,3119,939
751937170840121344,5278,1353
751830394383790080,5897,1979
751793661361422336,5933,2943
751598357617971201,8044,3087
751583847268179968,4471,1125
751538714308972544,5119,1287
751456908746354688,3274,1016
751251247299190784,12705,5977
751205363882532864,6429,1850
751132876104687617,5154,1321
750868782890057730,4858,1390
750719632563142656,13410,5122
750506206503038976,4516,1161
750429297815552001,13375,4344
750383411068534784,4626,1167
750381685133418496,715,28
750147208377409536,3158,974
750132105863102464,3682,1310
750117059602808832,4404,1334
750101899009982464,3091,857
750086836815486976,2206,543
750071704093859840,7977,3389
750056684286914561,3209,912
750041628174217216,3229,630
750026558547456000,2756,799
750011400160841729,3289,917
749996283729883136,3112,831
749981277374128128,5196,2491
749774190421639168,4724,1336
749417653287129088,6199,1673
749403093750648834,2663,542
749395845976588288,8697,3493
749317047558017024,5576,2262
749075273010798592,5831,2100
749064354620928000,4872,1545
749036806121881602,3138,802
748977405889503236,10911,3444
748932637671223296,5908,2291
748705597323898880,2817,962
748699167502000129,4820,1615
748692773788876800,4309,1345
748575535303884801,6157,2006
748568946752774144,2225,675
748346686624440324,5292,1246
748337862848962560,7753,4160
748324050481647620,3727,775
748307329658011649,3716,717
748220828303695873,14337,7916
747963614829678593,5843,2169
747933425676525569,6696,2584
747885874273214464,2986,992
747844099428986880,2849,759
747816857231626240,4911,1181
747651430853525504,1410,158
747648653817413632,13073,5925
747600769478692864,2353,558
747594051852075008,3730,1066
747512671126323200,5617,1628
747461612269887489,3921,1052
747439450712596480,5500,1937
747242308580548608,0,2929
747219827526344708,5336,1594
747204161125646336,3417,929
747103485104099331,9697,4015
746906459439529985,2924,300
746872823977771008,6062,2154
746818907684614144,5368,1755
746790600704425984,4934,1618
746757706116112384,9701,3959
746726898085036033,6117,1813
746542875601690625,5101,1897
746521445350707200,0,990
746507379341139972,4707,1093
746369468511756288,6245,1644
746131877086527488,6983,2227
746056683365994496,3600,815
745789745784041472,4070,1081
745712589599014916,7083,2360
745433870967832576,7156,2564
745422732645535745,8680,2461
745314880350101504,7273,2784
745074613265149952,7938,3553
745057283344719872,7325,2287
744995568523612160,3001,628
744971049620602880,7967,2715
744709971296780288,5672,1580
744334592493166593,6859,2143
744234799360020481,158154,78786
744223424764059648,1690,372
743980027717509120,4217,1109
743895849529389061,3679,968
743835915802583040,0,2109
743609206067040256,4525,1393
743595368194129920,18613,6617
743545585370791937,3560,951
743510151680958465,7981,3753
743253157753532416,4272,1239
743222593470234624,6277,1920
743210557239623680,3875,1380
742534281772302336,7140,3610
742528092657332225,4473,2003
742465774154047488,7336,3929
742423170473463808,9917,3818
742385895052087300,6869,1997
742161199639494656,4384,1391
742150209887731712,5174,1564
741793263812808706,4588,1526
741743634094141440,8245,2787
741438259667034112,3716,845
741303864243200000,8868,3247
741099773336379392,10099,5570
741067306818797568,9582,3135
740995100998766593,6437,2770
740711788199743490,3442,948
740699697422163968,2881,793
740676976021798912,18330,6887
740373189193256964,35272,13412
740365076218183684,2482,435
740359016048689152,3325,873
740214038584557568,6746,1979
739979191639244800,20151,5969
739932936087216128,4089,1083
739844404073074688,3838,860
739623569819336705,3813,1366
739606147276148736,5413,1661
739544079319588864,39922,21476
739485634323156992,7211,2943
739238157791694849,116821,58422
738891149612572673,111,6
738885046782832640,3805,1149
738883359779196928,3342,798
738537504001953792,5138,1557
738402415918125056,3271,848
738184450748633089,4353,1218
738166403467907072,8849,3389
738156290900254721,2532,652
737826014890496000,5315,1783
737800304142471168,10064,3483
737678689543020544,5085,1337
737445876994609152,10348,4490
737322739594330112,3642,815
737310737551491075,14793,7472
736736130620620800,4309,1744
736392552031657984,17833,7446
736365877722001409,4009,1259
736225175608430592,8199,2807
736010884653420544,7948,3012
735991953473572864,3622,1161
735648611367784448,4048,1112
735635087207878657,6216,2362
735274964362878976,13098,5077
735256018284875776,3365,888
735137028879360001,3155,982
734912297295085568,2765,528
734787690684657664,12652,6321
734776360183431168,2526,547
734559631394082816,1497,397
733828123016450049,3598,785
733822306246479872,3705,1025
733482008106668032,3160,957
733460102733135873,4235,1293
733109485275860992,50554,17000
732732193018155009,2457,541
732726085725589504,3572,894
732585889486888962,3691,782
732375214819057664,8132,2531
732005617171337216,15009,5450
731285275100512256,3513,997
731156023742988288,3866,1276
730924654643314689,6187,1988
730573383004487680,4941,2138
730427201120833536,3511,1054
730211855403241472,3844,1062
730196704625098752,4898,1919
729854734790754305,4060,1139
729838605770891264,1732,387
729823566028484608,4003,1253
729463711119904772,5839,2331
729113531270991872,1893,325
728986383096946689,3165,824
728760639972315136,4711,1719
728751179681943552,2786,684
728653952833728512,3335,1042
728409960103686147,4942,2017
728387165835677696,3716,965
728046963732717569,4342,1202
728035342121635841,4596,1677
728015554473250816,4128,1111
727685679342333952,2976,643
727644517743104000,5920,1755
727524757080539137,4494,1230
727314416056803329,3355,748
727286334147182592,3068,818
727175381690781696,3923,1395
727155742655025152,3644,1339
726935089318363137,6945,2472
726887082820554753,3856,1524
726828223124897792,3581,1010
726224900189511680,4443,1151
725842289046749185,7097,2690
725786712245440512,4180,1375
725729321944506368,5231,1793
725458796924002305,1415,616
724983749226668032,3743,1318
724771698126512129,2372,641
724405726123311104,5304,1654
724049859469295616,4346,1782
724046343203856385,2672,562
724004602748780546,4202,1568
723912936180330496,3921,1242
723688335806480385,7712,2955
723673163800948736,3035,895
723179728551723008,5320,1873
722974582966214656,4121,1568
722613351520608256,5001,1648
721503162398597120,4659,1861
721001180231503872,2537,612
720785406564900865,3130,769
720775346191278080,2490,668
720415127506415616,4158,1509
720389942216527872,6413,2533
720340705894408192,2893,979
720059472081784833,3891,1119
720043174954147842,4933,2020
719991154352222208,4866,1744
719704490224398336,4572,1442
719551379208073216,5092,1927
719367763014393856,2809,743
719339463458033665,4446,1240
719332531645071360,3446,958
718971898235854848,3498,1081
718939241951195136,5272,1769
718631497683582976,18957,8079
718613305783398402,2448,486
718540630683709445,2476,1022
718460005985447936,2718,524
718454725339934721,4884,1511
718246886998687744,1936,504
718234618122661888,3897,1001
717841801130979328,2478,605
717790033953034240,2895,1120
717537687239008257,5812,1856
717428917016076293,1629,452
717421804990701568,3178,850
717047459982213120,6323,1941
717009362452090881,3274,971
716802964044845056,4306,1178
716791146589110272,8133,1579
716730379797970944,1241,429
716447146686459905,13128,5884
716439118184652801,2385,210
716285507865542656,2786,1067
716080869887381504,6770,1915
715928423106027520,3216,884
715758151270801409,3746,1441
715733265223708672,4687,1696
715704790270025728,2810,568
715696743237730304,3929,1296
715680795826982913,4335,1620
715360349751484417,5497,1574
715342466308784130,3055,692
715220193576927233,2429,652
715200624753819648,5171,1892
715009755312439296,4181,1234
714982300363173890,3747,1044
714962719905021952,7393,4286
714957620017307648,4145,1410
714631576617938945,3301,1001
714606013974974464,3647,932
714485234495041536,2709,1136
714258258790387713,3051,720
714251586676113411,3297,835
714214115368108032,2283,878
714141408463036416,4339,1409
713919462244790272,3321,790
713909862279876608,1920,538
713900603437621249,2859,748
713761197720473600,4905,1381
713411074226274305,4457,1301
713177543487135744,7273,2846
713175907180089344,4486,1477
712809025985978368,18643,6724
712717840512598017,12418,5020
712668654853337088,4194,1223
712438159032893441,5362,1573
712309440758808576,245,25
712097430750289920,3804,1039
712092745624633345,2959,892
712085617388212225,3287,486
712065007010385924,2281,629
711998809858043904,0,126
711968124745228288,8121,2311
711743778164514816,2856,988
711732680602345472,8912,4138
711694788429553666,33053,18448
711652651650457602,3880,919
711363825979756544,3685,1148
711306686208872448,3337,740
711008018775851008,3008,615
710997087345876993,4588,1391
710844581445812225,2565,693
710833117892898816,2701,537
710658690886586372,2326,565
710609963652087808,4822,2396
710588934686908417,4567,1883
710296729921429505,2391,744
710283270106132480,2163,522
710272297844797440,4562,1257
710269109699739648,2409,1127
710153181850935296,2930,892
710140971284037632,2774,883
710117014656950272,5538,2000
709918798883774466,3010,1075
709901256215666688,673,100
709852847387627521,3549,1206
709566166965075968,3575,1214
709556954897764353,3318,1080
709519240576036864,1504,238
709449600415961088,2251,578
709409458133323776,2635,690
709225125749587968,2424,576
709207347839836162,12670,5843
709198395643068416,2443,647
709179584944730112,2020,671
709158332880297985,2052,417
709042156699303936,4780,1643
708853462201716736,1811,662
708845821941387268,3018,904
708834316713893888,1694,503
708810915978854401,16593,6969
708738143638450176,2766,821
708711088997666817,2562,723
708479650088034305,2569,680
708469915515297792,3116,818
708400866336894977,16112,10162
708356463048204288,3609,1322
708349470027751425,2367,745
708149363256774660,4308,1561
708130923141795840,3416,853
708119489313951744,2706,989
708109389455101952,1966,552
708026248782585858,4410,1937
707995814724026368,3153,1128
707983188426153984,51,2
707969809498152960,2726,974
707776935007539200,3303,960
707741517457260545,2506,617
707738799544082433,4116,2477
707693576495472641,3445,1006
707629649552134146,2598,885
707610948723478529,17113,6413
707420581654872064,2292,702
707411934438625280,2312,601
707387676719185920,3523,1297
707377100785885184,3299,1095
707315916783140866,2492,643
707297311098011648,2799,793
707059547140169728,2613,678
707038192327901184,2202,797
707021089608753152,4110,1376
707014260413456384,2332,598
706904523814649856,14678,7918
706901761596989440,2077,595
706681918348251136,3329,979
706644897839910912,2596,1102
706593038911545345,2175,639
706538006853918722,3496,1438
706516534877929472,3121,1039
706346369204748288,3476,934
706310011488698368,21507,7987
706291001778950144,1708,480
706265994973601792,2758,942
706169069255446529,3932,2233
706166467411222528,5197,1615
706153300320784384,1490,384
705975130514706432,3130,737
705970349788291072,3186,904
705898680587526145,2379,556
705786532653883392,1956,521
705591895322394625,3195,1159
705475953783398401,2987,926
705442520700944385,4464,1634
705428427625635840,3843,1698
705239209544720384,3034,756
705223444686888960,2603,806
705102439679201280,2161,520
705066031337840642,2196,621
704871453724954624,4296,1121
704859558691414016,2268,544
704847917308362754,5120,1544
704819833553219584,2669,998
704761120771465216,6676,2929
704499785726889984,2948,1021
704491224099647488,758,78
704480331685040129,3422,1078
704364645503647744,8058,3575
704347321748819968,1597,353
704134088924532736,1516,466
704113298707505153,1863,573
704054845121142784,2955,925
703774238772166656,1857,467
703769065844768768,3306,1151
703631701117943808,2612,685
703611486317502464,3877,1540
703425003149250560,3829,1374
703407252292673536,2464,701
703382836347330562,3540,1148
703356393781329922,1930,388
703268521220972544,1981,553
703079050210877440,7461,3113
703041949650034688,26576,12598
702932127499816960,2604,733
702899151802126337,1626,457
702684942141153280,3245,1081
702671118226825216,2210,560
702598099714314240,12296,3460
702539513671897089,2912,969
702332542343577600,3222,1557
702321140488925184,3298,1049
702276748847800320,2487,771
702217446468493312,4817,1347
701981390485725185,3481,998
701952816642965504,3873,1035
701889187134500865,3576,1403
701805642395348998,3446,1687
701601587219795968,2107,456
701570477911896070,2841,932
701545186879471618,2678,613
701214700881756160,12317,5151
700890391244103680,2231,571
700864154249383937,2618,626
700847567345688576,2480,504
700796979434098688,2460,949
700747788515020802,23046,9404
700518061187723268,2642,801
700505138482569216,2311,582
700462010979500032,4171,1804
700167517596164096,2654,743
700151421916807169,2252,678
700143752053182464,7595,2751
700062718104104960,2669,695
700029284593901568,2091,592
700002074055016451,3348,1351
699801817392291840,3088,961
699788877217865730,2251,510
699779630832685056,2770,1243
699775878809702401,1977,606
699691744225525762,10355,4654
699446877801091073,6003,2639
699434518667751424,2178,520
699423671849451520,1379,327
699413908797464576,2093,626
699370870310113280,1905,444
699323444782047232,3187,866
699088579889332224,2258,638
699079609774645248,2476,660
699072405256409088,3010,1205
699060279947165696,3788,1813
699036661657767936,2625,1208
698989035503689728,3383,984
698953797952008193,2707,911
698907974262222848,2571,630
698710712454139905,2495,686
698703483621523456,1461,383
698635131305795584,1306,342
698549713696649216,2347,630
698355670425473025,1880,452
698342080612007937,2284,958
698262614669991936,4801,2012
698195409219559425,16897,6019
698178924120031232,2836,743
697995514407682048,1528,333
697990423684476929,3321,1306
697943111201378304,2416,686
697881462549430272,3037,1192
697630435728322560,1768,546
697616773278015490,3192,1016
697596423848730625,3048,1272
697575480820686848,2057,498
697516214579523584,2075,1124
697482927769255936,2429,678
697463031882764288,3444,1409
697270446429966336,4734,1890
697259378236399616,3329,1011
697255105972801536,3055,1172
697242256848379904,2534,678
696900204696625153,3203,1025
696894894812565505,2362,682
696886256886657024,4907,1817
696877980375769088,2457,714
696754882863349760,1496,364
696744641916489729,2079,944
696713835009417216,2390,656
696518437233913856,3937,1715
696490539101908992,1225,143
696488710901260288,2567,1025
696405997980676096,3232,1165
696100768806522880,1950,659
695816827381944320,3037,1174
695794761660297217,3188,778
695767669421768709,1878,756
695629776980148225,4605,2118
695446424020918272,4423,1821
695409464418041856,8736,3601
695314793360662529,3654,1457
695095422348574720,2650,616
695074328191332352,2866,1106
695064344191721472,1608,589
695051054296211456,2681,787
694925794720792577,2721,925
694905863685980160,2775,944
694669722378485760,36092,14502
694356675654983680,1515,289
694352839993344000,2051,620
694342028726001664,1586,486
694329668942569472,2024,505
694206574471057408,4196,2051
694183373896572928,2978,930
694001791655137281,3438,1032
693993230313091072,1891,405
693942351086120961,1757,372
693647888581312512,2711,593
693644216740769793,1356,123
693642232151285760,2556,414
693629975228977152,2460,801
693622659251335168,1551,378
693590843962331137,5090,1975
693582294167244802,1661,256
693486665285931008,1792,642
693280720173801472,3379,1245
693267061318012928,2400,817
693262851218264065,2240,502
693231807727280129,2887,742
693155686491000832,7945,3241
693109034023534592,1730,616
693095443459342336,1876,467
692919143163629568,2698,759
692905862751522816,2446,880
692901601640583168,1787,607
692894228850999298,2287,815
692828166163931137,2889,888
692752401762250755,6871,3667
692568918515392513,4400,1552
692535307825213440,3207,1378
692530551048294401,1847,419
692423280028966913,1501,228
692417313023332352,9436,3494
692187005137076224,2550,828
692158366030913536,2163,794
692142790915014657,1664,397
692041934689402880,3437,1280
692017291282812928,2903,964
691820333922455552,3986,1671
691793053716221953,8213,4258
691756958957883396,2891,1015
691675652215414786,1972,511
691483041324204033,2408,566
691459709405118465,4083,1147
691444869282295808,2678,854
691416866452082688,19489,7688
691321916024623104,2590,666
691096613310316544,2987,882
691090071332753408,1730,338
690989312272396288,5946,2892
690959652130045952,3612,1262
690938899477221376,4139,1983
690932576555528194,3316,1031
690735892932222976,3815,1280
690728923253055490,2193,523
690690673629138944,2349,820
690649993829576704,1316,281
690607260360429569,294,17
690597161306841088,1981,608
690400367696297985,1904,457
690374419777196032,3281,853
690360449368465409,2692,889
690348396616552449,1525,520
690248561355657216,1689,417
690021994562220032,2821,1036
690015576308211712,2514,733
690005060500217858,3693,1698
689999384604450816,1438,372
689993469801164801,1473,453
689977555533848577,1382,452
689905486972461056,2456,700
689877686181715968,3059,1179
689835978131935233,2181,750
689661964914655233,3243,934
689659372465688576,10463,3912
689623661272240129,2246,640
689599056876867584,11746,5568
689557536375177216,2063,458
689517482558820352,3433,1445
689289219123089408,2274,947
689283819090870273,3304,1113
689280876073582592,1999,715
689275259254616065,1161,243
689255633275777024,2580,1088
689154315265683456,3106,1009
689143371370250240,2028,519
688916208532455424,2742,880
688908934925697024,2134,777
688898160958271489,2115,787
688894073864884227,2261,700
688828561667567616,1394,373
688804835492233216,970,191
688789766343622656,2236,667
688547210804498433,2628,710
688519176466644993,2340,730
688385280030670848,9383,4512
688211956440801280,2260,833
688179443353796608,2156,587
688116655151435777,2852,782
688064179421470721,1743,363
687841446767013888,5528,2541
687826841265172480,2770,1126
687818504314159109,2513,952
687807801670897665,2418,720
687732144991551489,1781,668
687704180304273409,2450,852
687664829264453632,1961,512
687494652870668288,1916,578
687480748861947905,1616,243
687476254459715584,2005,539
687460506001633280,2073,544
687399393394311168,1912,620
687317306314240000,20334,9249
687312378585812992,4396,1914
687127927494963200,5496,2293
687124485711986689,2184,507
687109925361856513,5858,2477
687102708889812993,2363,988
687096057537363968,2263,607
686947101016735744,8709,3223
686760001961103360,3549,1392
686749460672679938,3507,1463
686730991906516992,4168,1208
686683045143953408,2839,812
686618349602762752,3743,1375
686606069955735556,1911,548
686394059078897668,1755,689
686386521809772549,3287,887
686377065986265092,2228,575
686358356425093120,2206,675
686286779679375361,4041,1672
686050296934563840,2238,732
686035780142297088,1165,120
686034024800862208,3135,1161
686007916130873345,2514,419
686003207160610816,1845,636
685973236358713344,2119,526
685943807276412928,1646,600
685906723014619143,7587,2926
685681090388975616,2049,127
685667379192414208,2380,575
685663452032069632,3270,1470
685641971164143616,2964,787
685547936038666240,33261,15795
685532292383666176,3061,1168
685325112850124800,9551,3999
685321586178670592,2681,646
685315239903100929,3372,1065
685307451701334016,2096,445
685268753634967552,3132,1205
685198997565345792,2366,671
685169283572338688,4148,1435
684969860808454144,2406,370
684959798585110529,6889,3150
684940049151070208,3244,1052
684926975086034944,3529,464
684914660081053696,3549,1466
684902183876321280,1897,536
684880619965411328,2124,822
684830982659280897,35375,21825
684800227459624960,2753,1011
684594889858887680,8984,3537
684588130326986752,4152,1422
684567543613382656,3049,1228
684538444857667585,2666,960
684481074559381504,3917,1174
684460069371654144,1992,563
684241637099323392,8225,3322
684225744407494656,1240,210
684222868335505415,3856,1383
684200372118904832,2181,1047
684195085588783105,1932,515
684188786104872960,3524,1181
684177701129875456,2034,667
684147889187209216,3015,1523
684122891630342144,2025,473
684097758874210310,4157,1439
683857920510050305,3828,1132
683852578183077888,1948,347
683849932751646720,2631,979
683834909291606017,2647,1125
683828599284170753,2824,1075
683773439333797890,3380,1364
683742671509258241,6542,3338
683515932363329536,7404,2931
683498322573824003,3200,968
683481228088049664,2671,1003
683462770029932544,2444,679
683449695444799489,3932,1615
683391852557561860,7703,2414
683357973142474752,2949,926
683142553609318400,2903,1052
683111407806746624,3434,921
683098815881154561,2181,664
683078886620553216,2005,567
683030066213818368,2180,741
682962037429899265,37176,16728
682808988178739200,1801,169
682788441537560576,2496,1115
682750546109968385,1530,442
682697186228989953,1327,358
682662431982772225,3086,1087
682638830361513985,2090,604
682429480204398592,3455,1162
682406705142087680,7635,1782
682393905736888321,2251,679
682389078323662849,1670,464
682303737705140231,3081,983
682259524040966145,4187,1218
682242692827447297,3283,1175
682088079302213632,18439,9954
682059653698686977,4984,1697
682047327939461121,3218,942
682032003584274432,6630,2030
682003177596559360,3165,1541
681981167097122816,2829,1040
681891461017812993,2488,826
681694085539872773,12876,4089
681679526984871937,1787,446
681654059175129088,2664,928
681610798867845120,1925,472
681579835668455424,3574,1311
681523177663676416,14435,5811
681340665377193984,1653,281
681339448655802368,9385,4122
681320187870711809,2656,749
681302363064414209,3971,1826
681297372102656000,3238,957
681281657291280384,3254,1105
681261549936340994,1469,274
681242418453299201,1503,534
681231109724700672,2431,491
681193455364796417,3720,1495
680970795137544192,2446,660
680959110691590145,4615,2017
680940246314430465,3230,1052
680934982542561280,2100,437
680913438424612864,2429,628
680889648562991104,1773,364
680836378243002368,3496,1329
680805554198020098,2173,666
680801747103793152,2390,816
680798457301471234,2871,1040
680609293079592961,2665,709
680583894916304897,3658,1341
680497766108381184,4265,1924
680494726643068929,1734,487
680473011644985345,2566,746
680440374763077632,1458,498
680221482581123072,1472,295
680206703334408192,2859,1179
680191257256136705,2166,504
680176173301628928,3919,1553
680161097740095489,2342,739
680145970311643136,3643,1751
680130881361686529,2304,946
680115823365742593,2740,905
680100725817409536,3604,1381
680085611152338944,12887,9020
680070545539371008,2601,880
679877062409191424,1996,650
679872969355714560,2198,664
679862121895714818,2469,622
679854723806179328,2878,1232
679844490799091713,2381,770
679828447187857408,36495,14079
679777920601223168,3113,1106
679736210798047232,2108,795
679729593985699840,2176,825
679722016581222400,1669,465
679530280114372609,4814,2085
679527802031484928,2654,722
679511351870550016,3386,1269
679503373272485890,3181,1475
679475951516934144,2101,640
679462823135686656,31782,18880
679405845277462528,2384,1206
679158373988876288,21449,8075
679148763231985668,2789,1027
679132435750195208,2977,1152
679111216690831360,5986,2581
679062614270468097,17052,8135
679047485189439488,2255,666
679001094530465792,2835,1225
678991772295516161,2316,1168
678969228704284672,1654,460
678800283649069056,2585,899
678798276842360832,3456,1161
678774928607469569,2814,904
678767140346941444,3543,1358
678764513869611008,1638,472
678755239630127104,7129,3289
678740035362037760,3765,1677
678708137298427904,5597,2423
678675843183484930,2870,1468
678643457146150913,2057,410
678446151570427904,4005,1542
678424312106393600,5484,2538
678410210315247616,4226,1807
678399652199309312,79251,31760
678396796259975168,1596,413
678389028614488064,1876,424
678380236862578688,2446,912
678341075375947776,1732,537
678334497360859136,1307,254
678278586130948096,11436,6059
678255464182861824,1596,362
678023323247357953,1915,381
678021115718029313,13678,6317
677961670166224897,3416,1683
677918531514703872,1348,407
677895101218201600,4836,2070
677716515794329600,3055,973
677700003327029250,3384,1436
677698403548192770,1230,318
677687604918272002,2486,847
677673981332312066,3331,1502
677662372920729601,1946,954
677644091929329666,1858,798
677573743309385728,2129,705
677565715327688705,1298,460
677557565589463040,2440,1145
677547928504967168,6915,3652
677530072887205888,1064,226
677335745548390400,3040,1776
677334615166730240,1343,281
677331501395156992,1084,234
677328882937298944,3622,1499
677314812125323265,1637,528
677301033169788928,1239,402
677269281705472000,1985,703
677228873407442944,3540,1636
677187300187611136,2734,913
676975532580409345,2766,1061
676957860086095872,2234,806
676949632774234114,1303,392
676948236477857792,2167,854
676946864479084545,1722,368
676942428000112642,2063,747
676936541936185344,12663,4887
676916996760600576,2963,1797
676897532954456065,2236,716
676864501615042560,2090,702
676821958043033607,22876,15488
676819651066732545,1806,660
676811746707918848,1412,419
676776431406465024,4980,2017
676617503762681856,2875,956
676613908052996102,1076,199
676606785097199616,1873,431
676603393314578432,1154,377
676593408224403456,4543,2146
676590572941893632,911,120
676588346097852417,2308,778
676582956622721024,1191,276
676575501977128964,2573,1106
676533798876651520,1862,549
676496375194980353,1508,526
676470639084101634,11525,4630
676440007570247681,1710,659
676430933382295552,1385,341
676263575653122048,2069,542
676237365392908289,1210,285
676219687039057920,75155,30699
676215927814406144,1726,571
676191832485810177,2265,1022
676146341966438401,1899,653
676121918416756736,2150,1150
676101918813499392,2803,1147
676098748976615425,2986,1412
676089483918516224,1300,428
675898130735476737,1606,564
675891555769696257,2116,843
675888385639251968,2357,944
675878199931371520,4139,1382
675870721063669760,1612,558
675853064436391936,2662,1276
675849018447167488,930,143
675845657354215424,2251,866
675822767435051008,1499,529
675820929667219457,1039,230
675798442703122432,10162,3371
675781562965868544,1615,462
675740360753160193,1158,341
675710890956750848,1865,804
675707330206547968,1955,676
675706639471788032,636,94
675534494439489536,1797,406
675531475945709568,1168,374
675522403582218240,1028,283
675517828909424640,1278,456
675501075957489664,16943,5743
675497103322386432,3102,1276
675489971617296384,1286,587
675483430902214656,1820,966
675432746517426176,1502,557
675372240448454658,1668,508
675362609739206656,1034,226
675354435921575936,32223,16604
675349384339542016,3862,2233
675334060156301312,2740,1265
675166823650848770,3549,1570
675153376133427200,6185,2533
675149409102012420,3686,1653
675147105808306176,929,230
675146535592706048,1169,296
675145476954566656,2106,888
675135153782571009,1277,478
675113801096802304,1926,772
675111688094527488,949,246
675109292475830276,2756,1118
675047298674663426,1049,320
675015141583413248,2673,1164
675006312288268288,969,219
675003128568291329,1538,458
674999807681908736,2208,1088
674805413498527744,847,350
674800520222154752,2968,842
674793399141146624,2471,1069
674790488185167872,1085,243
674788554665512960,807,203
674781762103414784,1967,1175
674774481756377088,1095,459
674767892831932416,1800,771
674764817387900928,780,230
674754018082705410,1344,438
674752233200820224,1438,454
674743008475090944,1378,543
674742531037511680,477,49
674739953134403584,1085,380
674737130913071104,632,88
674690135443775488,1127,463
674670581682434048,1576,635
674664755118911488,899,247
674646392044941312,1408,481
674644256330530816,1011,262
674638615994089473,1654,563
674632714662858753,1473,561
674606911342424069,921,95
674468880899788800,6115,1992
674447403907457024,1040,350
674436901579923456,1095,383
674422304705744896,1413,530
674416750885273600,669,137
674410619106390016,1177,450
674394782723014656,1485,559
674372068062928900,833,308
674330906434379776,549,72
674318007229923329,1390,510
674307341513269249,11136,6801
674291837063053312,14455,5737
674271431610523648,1541,717
674269164442398721,887,223
674265582246694913,1615,832
674262580978937856,1281,443
674255168825880576,1442,538
674082852460433408,743,164
674075285688614912,972,278
674063288070742018,6251,2151
674053186244734976,3240,1268
674051556661161984,1421,481
674045139690631169,1386,625
674042553264685056,706,122
674038233588723717,1079,404
674036086168010753,834,202
674024893172875264,1746,1192
674019345211760640,1101,297
674014384960745472,1528,620
674008982932058114,1173,341
673956914389192708,1914,930
673919437611909120,1142,362
673906403526995968,3124,1596
673887867907739649,915,248
673716320723169284,3023,728
673715861853720576,3474,2015
673711475735838725,1019,293
673709992831262724,823,266
673708611235921920,1058,277
673707060090052608,1078,383
673705679337693185,1232,395
673700254269775872,1404,549
673697980713705472,3895,1917
673689733134946305,1698,629
673688752737402881,1235,483
673686845050527744,1411,427
673680198160809984,1342,455
673662677122719744,1227,357
673656262056419329,702,234
673636718965334016,1080,348
673612854080196609,1570,705
673583129559498752,1166,349
673580926094458881,816,264
673576835670777856,1358,548
673363615379013632,1001,297
673359818736984064,1418,656
673355879178194945,1463,560
673352124999274496,1630,525
673350198937153538,733,204
673345638550134785,2455,1228
673343217010679808,947,265
673342308415348736,1240,561
673320132811366400,13177,7684
673317986296586240,859,248
673295268553605120,7357,3087
673270968295534593,1046,351
673240798075449344,1398,707
673213039743795200,2197,821
673148804208660480,1657,609
672997845381865473,1922,695
672995267319328768,931,281
672988786805112832,966,282
672984142909456390,1231,529
672980819271634944,1779,980
672975131468300288,1639,885
672970152493887488,928,347
672968025906282496,1292,525
672964561327235073,1390,621
672902681409806336,1337,485
672898206762672129,886,413
672884426393653248,1511,818
672877615439593473,1012,346
672834301050937345,1291,551
672828477930868736,1233,475
672640509974827008,959,309
672622327801233409,1266,475
672614745925664768,1201,560
672609152938721280,1088,377
672604026190569472,1087,387
672594978741354496,1305,593
672591762242805761,932,327
672591271085670400,705,177
672538107540070400,1011,352
672523490734551040,621,162
672488522314567680,1087,424
672482722825261057,1107,579
672481316919734272,708,123
672475084225949696,1407,681
672466075045466113,1324,516
672272411274932228,6318,3267
672267570918129665,1462,600
672264251789176834,1115,326
672256522047614977,2750,1496
672254177670729728,1399,717
672248013293752320,1691,585
672245253877968896,671,152
672239279297454080,876,314
672231046314901505,1787,975
672222792075620352,768,205
672205392827572224,2212,1119
672169685991993344,998,358
672160042234327040,855,348
672139350159835138,1708,673
672125275208069120,2332,1103
672095186491711488,984,362
672082170312290304,922,353
672068090318987265,1264,503
671896809300709376,8305,4045
671891728106971137,1298,559
671882082306625538,3384,1349
671879137494245376,1382,646
671874878652489728,1220,536
671866342182637568,1094,478
671855973984772097,881,422
671789708968640512,6895,3375
671768281401958400,1170,486
671763349865160704,1639,886
671744970634719232,1327,739
671743150407421952,733,229
671735591348891648,1409,733
671729906628341761,8304,4232
671561002136281088,12480,7021
671550332464455680,888,203
671547767500775424,1314,573
671544874165002241,1928,1019
671542985629241344,1068,545
671538301157904385,916,379
671536543010570240,1148,390
671533943490011136,1000,560
671528761649688577,828,252
671520732782923777,1362,515
671518598289059840,931,285
671511350426865664,1562,684
671504605491109889,6821,3449
671497587707535361,893,435
671488513339211776,980,460
671486386088865792,569,190
671485057807351808,743,227
671390180817915904,1408,729
671362598324076544,1081,290
671357843010908160,392,147
671355857343524864,473,114
671347597085433856,932,415
671186162933985280,719,204
671182547775299584,1093,329
671166507850801152,854,336
671163268581498880,1617,1064
671159727754231808,361,79
671154572044468225,694,211
671151324042559489,652,150
671147085991960577,649,211
671141549288370177,1122,639
671138694582165504,900,390
671134062904504320,727,187
671122204919246848,3408,2445
671115716440031232,1336,753
671109016219725825,1119,423
670995969505435648,1085,286
670842764863651840,24018,8432
670840546554966016,575,189
670838202509447168,1084,672
670833812859932673,430,118
670832455012716544,717,209
670826280409919488,5398,3938
670823764196741120,756,181
670822709593571328,594,92
670815497391357952,3103,1496
670811965569282048,1100,263
670807719151067136,1133,477
670804601705242624,1906,927
670803562457407488,334,85
670797304698376195,718,231
670792680469889025,803,266
670789397210615808,648,231
670786190031921152,589,196
670783437142401025,807,376
670782429121134593,1520,743
670780561024270336,771,281
670778058496974848,323,71
670764103623966721,1049,406
670755717859713024,427,107
670733412878163972,934,496
670727704916926465,806,346
670717338665226240,1172,472
670704688707301377,756,360
670691627984359425,579,234
670679630144274432,733,274
670676092097810432,242,40
670668383499735048,10420,4871
670474236058800128,1475,716
670468609693655041,346,84
670465786746662913,950,534
670452855871037440,537,197
670449342516494336,1166,631
670444955656130560,6550,1918
670442337873600512,629,192
670435821946826752,1027,498
670434127938719744,1365,624
670433248821026816,322,109
670428280563085312,1345,597
670427002554466305,513,154
670421925039075328,1270,609
670420569653809152,606,303
670417414769758208,555,310
670411370698022913,1971,860
670408998013820928,545,214
670403879788544000,415,149
670385711116361728,549,199
670374371102445568,735,262
670361874861563904,321,63
670338931251150849,416,104
670319130621435904,3790,1182
670303360680108032,420,126
670290420111441920,686,274
670093938074779648,998,321
670086499208155136,685,244
670079681849372674,2169,1184
670073503555706880,1538,760
670069087419133954,608,228
670061506722140161,743,325
670055038660800512,652,320
670046952931721218,629,165
670040295598354432,739,108
670037189829525505,578,262
670003130994700288,325,89
669993076832759809,318,81
669972011175813120,430,152
669970042633789440,296,57
669942763794931712,491,156
669926384437997569,365,96
669923323644657664,228,53
669753178989142016,792,383
669749430875258880,258,64
669684865554620416,500,87
669683899023405056,379,106
669682095984410625,345,130
669680153564442624,651,276
669661792646373376,789,418
669625907762618368,3442,1763
669603084620980224,928,350
669597912108789760,503,145
669583744538451968,1456,897
669573570759163904,426,134
669571471778410496,1557,984
669567591774625800,229,54
669564461267722241,375,120
669393256313184256,352,71
669375718304980992,1300,705
669371483794317312,487,173
669367896104181761,449,146
669363888236994561,606,219
669359674819481600,364,117
669354382627049472,2631,1244
669353438988365824,618,254
669351434509529089,422,174
669328503091937280,990,407
669327207240699904,563,114
669324657376567296,488,200
669216679721873412,1168,393
669214165781868544,427,157
669203728096960512,979,459
669037058363662336,635,301
669015743032369152,724,364
669006782128353280,562,239
669000397445533696,20356,6170
668994913074286592,431,223
668992363537309700,727,333
668989615043424256,662,321
668988183816871936,877,452
668986018524233728,538,161
668981893510119424,523,294
668979806671884288,774,336
668975677807423489,1266,559
668967877119254528,141,22
668960084974809088,689,232
668955713004314625,270,68
668932921458302977,257,55
668902994700836864,311,97
668892474547511297,387,145
668872652652679168,512,290
668852170888998912,441,156
668826086256599040,425,131
668815180734689280,548,257
668779399630725120,687,358
668655139528511488,513,212
668645506898350081,855,515
668643542311546881,856,516
668641109086707712,1044,526
668636665813057536,1018,479
668633411083464705,2724,1567
668631377374486528,695,306
668627278264475648,309,110
668625577880875008,375,126
668623201287675904,1387,734
668620235289837568,194,38
668614819948453888,602,311
668587383441514497,1632,1040
668567822092664832,236,50
668544745690562560,499,215
668542336805281792,442,208
668537837512433665,245,69
668528771708952576,446,217
668507509523615744,316,101
668496999348633600,400,127
668484198282485761,415,229
668480044826800133,446,142
668466899341221888,864,498
668297328638447616,609,290
668291999406125056,235,29
668286279830867968,491,132
668274247790391296,802,225
668268907921326080,541,229
668256321989451776,1263,585
668248472370458624,953,467
668237644992782336,6037,2748
668226093875376128,292,99
668221241640230912,501,190
668204964695683073,541,187
668190681446379520,632,191
668171859951755264,469,187
668154635664932864,480,298
668142349051129856,562,272
668113020489474048,653,229
667937095915278337,1221,766
667924896115245057,289,108
667915453470232577,201,54
667911425562669056,477,288
667902449697558528,829,366
667886921285246976,1817,1039
667885044254572545,795,461
667878741721415682,379,114
667873844930215936,615,389
667866724293877760,2934,990
667861340749471744,235,74
667832474953625600,287,60
667806454573760512,1026,472
667801013445750784,318,93
667793409583771648,684,315
667782464991965184,402,239
667773195014021121,229,53
667766675769573376,426,207
667728196545200128,368,143
667724302356258817,465,308
667550904950915073,0,33
667550882905632768,0,32
667549055577362432,5608,2180
667546741521195010,330,118
667544320556335104,839,504
667538891197542400,198,63
667534815156183040,795,503
667530908589760512,451,227
667524857454854144,1642,1071
667517642048163840,358,184
667509364010450944,6580,2047
667502640335572993,523,212
667495797102141441,505,257
667491009379606528,515,214
667470559035432960,248,92
667455448082227200,184,57
667453023279554560,296,85
667443425659232256,756,554
667437278097252352,434,227
667435689202614272,298,82
667405339315146752,451,215
667393430834667520,189,52
667369227918143488,351,155
667211855547486208,469,230
667200525029539841,594,250
667192066997374976,370,97
667188689915760640,720,386
667182792070062081,13840,5922
667177989038297088,184,52
667176164155375616,585,438
667174963120574464,235,74
667171260800061440,211,80
667165590075940865,2598,1086
667160273090932737,249,60
667152164079423490,46075,16261
667138269671505920,4444,2109
667119796878725120,318,123
667090893657276420,322,119
667073648344346624,385,114
667070482143944705,81,14
667065535570550784,160,42
667062181243039745,210,49
667044094246576128,177,47
667012601033924608,431,212
666996132027977728,233,84
666983947667116034,2456,937
666837028449972224,779,532
666835007768551424,203,77
666826780179869698,244,90
666817836334096384,492,239
666804364988780544,223,86
666786068205871104,724,467
666781792255496192,368,182
666776908487630848,332,165
666739327293083650,224,62
666701168228331520,412,208
666691418707132416,178,45
666649482315059201,1077,591
666644823164719104,221,76
666454714377183233,495,202
666447344410484738,98,18
666437273139982337,117,42
666435652385423360,160,49
666430724426358785,301,180
666428276349472768,156,78
666421158376562688,303,107
666418789513326592,115,43
666411507551481857,416,307
666407126856765440,100,33
666396247373291520,159,78
666373753744588802,173,86
666362758909284353,732,528
666353288456101888,201,69
666345417576210432,276,128
666337882303524864,182,84
666293911632134144,470,324
666287406224695296,138,62
666273097616637952,161,74
666268910803644416,96,32
666104133288665088,13575,6043
666102155909144576,72,11
666099513787052032,143,62
666094000022159362,155,68
666082916733198337,104,42
666073100786774016,302,147
666071193221509120,136,54
666063827256086533,450,199
666058600524156928,107,55
666057090499244032,274,128
666055525042405380,411,224
666051853826850816,1143,790
666050758794694657,125,52
666049248165822465,99,41
666044226329800704,274,133
666033412701032449,114,41
666029285002620928,121,43
666020888022790149,2444,469
